n = 20;
facteur = [0.9, 1, 3, 5, 8, 10, 12, 15];

full = [ 41293476, 43758225, 42107121, 43758225, 43454464,
         45319824, 42614784, 46212804, 45319824, 45319824,
         45158400, 46212804, 48024900, 46212804, 45158400,
         48024900, 48024900, 48024900, 48024900, 48024900];

sparse09 = [  266320, 134262, 185588, 309210, 255654,
              399880, 539854, 423984, 252800, 189538,
              269356, 333514, 151020, 141032, 274696,
              215726, 176272, 403212, 218376, 177862];


sparse1 = [ 2284236, 2206902, 1069692, 2010876, 3085370,
            1352374, 3867844, 3174236, 1963890, 1476288,
            2329488, 1185324, 2189902, 1009318, 1355222,
            2154754, 1883836, 1324826, 2004578, 1698302];

sparse3 = [ 24142950, 16819940, 14840258, 17853342, 27026458, 
            10717772, 24094942, 12341958, 23705034, 18414238, 
            35138384, 22246410, 18688796, 26841730, 30960986, 
            16104536, 15298918, 21881764, 22115626, 24405630];

sparse5 = [ 33723208, 27434752, 25630850, 29122002, 38080252, 
            40501522, 44294176, 27026172, 35613434, 32220976, 
            42782820, 30031312, 40995300, 37850586, 33360018, 
            32104524, 32622118, 37368440, 39765502, 38523786];

sparse8 = [ 39682354, 37940724, 35905280, 37662188, 42384438, 
            43381454, 45146916, 45104918, 44296552, 41824380, 
            41878268, 46011072, 45568628, 42501392, 44901862, 
            47376610, 45583424, 46696848, 47071644, 45864138];

sparse_10 = [ 40961908, 41128190, 39843880, 41051510, 42597118, 
              43442588, 45151680, 45151004, 45054906, 44512384, 
              46202222, 44573620, 46177178, 45202924, 47599678, 
              47963968, 47636708, 47948120, 47852972, 47700634];

sparse_12 =  [ 41251426, 42036792, 42607910, 42677116, 43447872, 
               43122202, 45151680, 45151680, 45198648, 45267322, 
               46206006, 45225950, 46206006, 46104846, 47998858, 
               48016552, 48011700, 48014884, 47953194, 48003140];

sparse_15 = [ 41287044, 42100632, 43751134, 43750826, 42608256, 
              43447872, 45151680, 45151680, 45312620, 45313092, 
              46206006, 45312864, 46206006, 46206006, 48017970, 
              48017970, 48017062, 48017970, 48017970, 48017970];
