n = 20;
facteur = [3, 5, 8, 10, 12, 15];

full = [ 136539225, 134328100, 141015625, 142945936, 141015625,
         145298916, 137170944, 147015625, 139428864, 142945936,
         144000000, 147015625, 144000000, 150062500, 150062500,
         140043556, 142348761, 150062500, 150062500, 145298916];

sparse3 = [ 41082656, 47128214, 50722838, 44258306, 62488818,
            47621330, 54378252, 41705402, 77398176, 70412838,
            42854040, 54418234, 38019218, 52894572, 55155440,
            93734798, 49231382, 58232904, 77223332, 84448270];

sparse5 = [ 51791462, 62960892, 61148558, 61903150, 73272366,
            61034390, 59317294, 65541970, 55313232, 79939154,
            59091202, 64226894, 85716898, 76337930, 68510836,
            72214866, 99931716, 75220940, 100597088, 101070874];

sparse8 = [ 71728826, 84496798, 77163260, 98603574, 72268164,
            102071792, 87869716, 92581166, 76607730, 76706150,
            101335854, 111752574, 87877322, 80795272, 106722082,
            94542700, 90413938, 93322044, 113362574, 118501492];

sparse_10 = [  80190380, 86467492, 102458140, 81387160, 81235138,
              119533666, 112514176, 95364526, 112604322, 120653120,
              117113122, 100883736, 93406976, 116851872, 111379388,
              106646964, 86313056, 120159598, 104973100, 128308280];

sparse_12 = [  80190380, 86467492, 102458140, 81387160, 81235138,
              119533666, 112514176, 95364526, 112604322, 120653120,
              117113122, 100883736, 93406976, 116851872, 111379388,
              106646964, 86313056, 120159598, 104973100, 128308280];

sparse_15 = [  116848324, 104347728, 128741160, 127486296, 96398230,
               100675420, 140991342, 107452240, 131499090, 117732950,
               137846608, 138661352, 127962072, 133605306, 133470682,
               127998614, 131544632, 131245552, 136615300, 142842306];
